[array([[0.07940846, 0.01547506, 0.02991058, 0.01821869, 0.03019606,
        0.01463283]]), array([[0.02384471, 0.02266619, 0.02553765, 0.0198899 , 0.02728546,
        0.01814042]]), array([[0.04414606, 0.01677434, 0.02940462, 0.01624875, 0.0384563 ,
        0.0215541 ]]), array([[0.12233753, 0.02254487, 0.0439589 , 0.0165458 , 0.03743078,
        0.02668828]]), array([[0.11465265, 0.03353376, 0.04091271, 0.02974584, 0.03511391,
        0.07061226]]), array([[0.03270912, 0.02555802, 0.03832654, 0.01568933, 0.0315187 ,
        0.0238992 ]]), array([[0.04932046, 0.01954893, 0.0244564 , 0.03055123, 0.04691834,
        0.01787982]]), array([[0.13586497, 0.01866867, 0.05072963, 0.01058482, 0.04614925,
        0.01914022]]), array([[0.419954  , 0.04940194, 0.11307862, 0.03087071, 0.09878586,
        0.07826597]]), array([[0.24451382, 0.02459434, 0.1068218 , 0.0198595 , 0.11151726,
        0.03158332]]), array([[0.7142457 , 0.12680356, 0.37115222, 0.04763763, 0.5292252 ,
        0.13847888]]), array([[0.06043046, 0.02852043, 0.02590878, 0.02558813, 0.03992135,
        0.03130642]]), array([[0.07247486, 0.02792638, 0.02976273, 0.02674092, 0.03892632,
        0.01726181]]), array([[0.0825704 , 0.06187633, 0.07191947, 0.04913055, 0.05697523,
        0.04807268]]), array([[0.06762967, 0.01875566, 0.02042688, 0.01709477, 0.03126427,
        0.01816796]]), array([[0.25947013, 0.01919112, 0.04519494, 0.01568884, 0.13001359,
        0.02499003]]), array([[0.09509555, 0.02821248, 0.02275427, 0.03072118, 0.03198807,
        0.03575177]]), array([[0.02494035, 0.01351679, 0.02350553, 0.017525  , 0.03003954,
        0.01640303]]), array([[0.03820734, 0.02091661, 0.03232733, 0.01472223, 0.02685145,
        0.02216736]]), array([[0.02690169, 0.02283644, 0.02413698, 0.01795423, 0.02623088,
        0.02397026]]), array([[0.45321646, 0.01795761, 0.11203732, 0.01807853, 0.11807651,
        0.04902087]]), array([[0.20598663, 0.02007822, 0.03009631, 0.02528665, 0.11229397,
        0.01949634]]), array([[0.07612099, 0.03872372, 0.05130653, 0.03297379, 0.06203128,
        0.03815455]]), array([[0.30743423, 0.02729981, 0.10569347, 0.03488158, 0.13691227,
        0.03393501]]), array([[0.0451071 , 0.02248564, 0.03002739, 0.02325847, 0.02376017,
        0.02776184]]), array([[0.08094503, 0.02704035, 0.03227217, 0.03863677, 0.05586573,
        0.02825209]]), array([[0.06024282, 0.02748571, 0.03668633, 0.02703221, 0.04067683,
        0.03748964]]), array([[0.04764745, 0.01729954, 0.05296719, 0.01603414, 0.03531945,
        0.01801235]]), array([[0.60968906, 0.08565786, 0.12119733, 0.04587217, 0.27962404,
        0.2999228 ]]), array([[0.15385202, 0.02443078, 0.11464004, 0.01633346, 0.06712629,
        0.03004978]]), array([[0.10550477, 0.02088898, 0.04703912, 0.015562  , 0.03791298,
        0.03502426]]), array([[0.02128489, 0.01848538, 0.02589216, 0.016562  , 0.0194325 ,
        0.01730702]]), array([[0.23791109, 0.02592638, 0.15789667, 0.01736518, 0.07385458,
        0.02315963]]), array([[0.17793646, 0.02925879, 0.032233  , 0.03760827, 0.06124346,
        0.05321545]]), array([[0.06980079, 0.01205714, 0.03555835, 0.01454266, 0.02844412,
        0.01706359]]), array([[0.0234486 , 0.03027822, 0.01814224, 0.03037006, 0.02907051,
        0.03627135]]), array([[0.04964003, 0.01965147, 0.03022552, 0.01437463, 0.02584321,
        0.02225767]]), array([[0.02111182, 0.03259846, 0.02668062, 0.03349691, 0.02852005,
        0.02383391]]), array([[0.0378527 , 0.02852438, 0.02702573, 0.02167726, 0.03028327,
        0.03485425]]), array([[0.15693094, 0.03618964, 0.0298862 , 0.06115721, 0.04612766,
        0.02369114]]), array([[0.15073231, 0.02944277, 0.04091388, 0.01742511, 0.0494075 ,
        0.02682006]]), array([[0.02867359, 0.02072758, 0.02090392, 0.01993788, 0.02781086,
        0.01920141]]), array([[0.69589174, 0.07220619, 0.4188329 , 0.0462421 , 0.28697273,
        0.0466772 ]]), array([[0.05430344, 0.01888972, 0.02953003, 0.01781525, 0.04407707,
        0.01302296]]), array([[0.04626387, 0.02014383, 0.03323333, 0.01927122, 0.02508764,
        0.01495943]]), array([[0.09506273, 0.01853765, 0.04552549, 0.02634936, 0.04217355,
        0.02949273]]), array([[0.5352364 , 0.04740609, 0.5229461 , 0.02438704, 0.11783989,
        0.02098461]]), array([[0.04487242, 0.03486604, 0.02361356, 0.02854057, 0.04006331,
        0.02342589]]), array([[0.2966729 , 0.01517756, 0.07027141, 0.02211488, 0.08167743,
        0.01475834]]), array([[0.08420121, 0.02409732, 0.02553217, 0.03489916, 0.07517322,
        0.02323409]]), array([[0.11856867, 0.03408742, 0.09690126, 0.01874176, 0.07732216,
        0.02600911]]), array([[0.02227859, 0.01504438, 0.02732998, 0.01401964, 0.02164697,
        0.01918178]]), array([[0.04375149, 0.01565051, 0.02323124, 0.0121758 , 0.03305464,
        0.02273605]]), array([[0.02352945, 0.03018271, 0.0272975 , 0.02762445, 0.02845919,
        0.02041648]]), array([[0.31523752, 0.02621565, 0.05407253, 0.09028225, 0.09969824,
        0.0228399 ]]), array([[0.38874105, 0.01555078, 0.10840549, 0.02332967, 0.13517866,
        0.02165492]]), array([[0.49011567, 0.03318138, 0.21462782, 0.01326679, 0.25760308,
        0.06004094]]), array([[0.41284764, 0.04978836, 0.12142819, 0.04189614, 0.09404215,
        0.07962032]]), array([[0.80871475, 0.14846306, 0.65161777, 0.02971827, 0.4800303 ,
        0.06496763]]), array([[0.10659894, 0.02896768, 0.03258384, 0.04879417, 0.03117055,
        0.02395861]]), array([[0.07323569, 0.0132464 , 0.03463507, 0.02116957, 0.02896877,
        0.01929995]]), array([[0.02233196, 0.02845164, 0.02225977, 0.0276266 , 0.0248732 ,
        0.02362517]]), array([[0.04669206, 0.0160713 , 0.02740188, 0.0122193 , 0.02814259,
        0.01300964]]), array([[0.02573142, 0.01863725, 0.02722268, 0.02724017, 0.03432246,
        0.0225265 ]]), array([[0.03809281, 0.01988361, 0.02110141, 0.01399932, 0.02870673,
        0.02418918]]), array([[0.01786983, 0.04634656, 0.02537477, 0.04137273, 0.0451567 ,
        0.02676901]]), array([[0.08894168, 0.01589951, 0.04111286, 0.01882459, 0.05058498,
        0.02148232]]), array([[0.04254992, 0.01573556, 0.03675429, 0.02539812, 0.03520143,
        0.01417274]]), array([[0.02949452, 0.02797838, 0.02683811, 0.02473625, 0.03316293,
        0.02269797]]), array([[0.8565031 , 0.16343299, 0.6514961 , 0.03531872, 0.65442663,
        0.09347226]]), array([[0.04735731, 0.0193541 , 0.0288546 , 0.01744761, 0.02351449,
        0.02300744]]), array([[0.06612258, 0.01616307, 0.02519264, 0.02100471, 0.0440936 ,
        0.01883317]]), array([[0.03134516, 0.02077421, 0.01982935, 0.02125984, 0.01810552,
        0.01869044]]), array([[0.05173977, 0.01506049, 0.02383693, 0.01750998, 0.039352  ,
        0.02024675]]), array([[0.09625651, 0.01649047, 0.02159139, 0.03497177, 0.06058899,
        0.02747986]]), array([[0.07144219, 0.01417344, 0.0452425 , 0.02286109, 0.03831281,
        0.01753796]]), array([[0.06420574, 0.01584695, 0.03463312, 0.01657294, 0.04113718,
        0.01677791]]), array([[0.2544914 , 0.01841957, 0.0442088 , 0.02590415, 0.11633693,
        0.0222216 ]]), array([[0.06062617, 0.01537385, 0.01837327, 0.01710747, 0.0407187 ,
        0.01665357]]), array([[0.6476946 , 0.05427535, 0.22638799, 0.03142745, 0.45818207,
        0.16022995]]), array([[0.03884048, 0.01617509, 0.03920196, 0.01093954, 0.03196442,
        0.016701  ]]), array([[0.13338588, 0.02838954, 0.0375592 , 0.07986206, 0.07914368,
        0.02996129]]), array([[0.02227144, 0.02073481, 0.02914919, 0.0132669 , 0.02432696,
        0.02494515]]), array([[0.04447582, 0.01491043, 0.02525795, 0.01510388, 0.0282449 ,
        0.01503579]]), array([[0.6752732 , 0.11355986, 0.41355383, 0.05337543, 0.4607002 ,
        0.16544813]]), array([[0.06475282, 0.01450685, 0.0285239 , 0.02447053, 0.04717947,
        0.02103474]]), array([[0.12888633, 0.01517535, 0.02176836, 0.02036132, 0.09417827,
        0.01701522]]), array([[0.05265477, 0.02751469, 0.02211616, 0.04773672, 0.02396405,
        0.02236922]]), array([[0.06678755, 0.01232302, 0.02894282, 0.01872098, 0.03973775,
        0.01433407]]), array([[0.11814658, 0.01884922, 0.05120451, 0.01490558, 0.049679  ,
        0.01620605]]), array([[0.04923795, 0.02678826, 0.0295507 , 0.01581022, 0.02202101,
        0.02186831]]), array([[0.38509282, 0.02840086, 0.09333999, 0.03032009, 0.17748061,
        0.05049691]]), array([[0.02703126, 0.01957629, 0.02719076, 0.01754527, 0.01603343,
        0.01590767]]), array([[0.05407538, 0.03337076, 0.04015981, 0.05561273, 0.0557344 ,
        0.02557635]]), array([[0.0238955 , 0.01705586, 0.0218568 , 0.01915585, 0.01987051,
        0.02098492]]), array([[0.02570205, 0.03249823, 0.02239365, 0.02342821, 0.0279215 ,
        0.03382967]]), array([[0.09828175, 0.01979486, 0.02559258, 0.03779303, 0.02469091,
        0.02681117]]), array([[0.1583075 , 0.0174856 , 0.06890571, 0.00835868, 0.05652533,
        0.02754869]]), array([[0.07714701, 0.01165729, 0.04048568, 0.0177435 , 0.04459541,
        0.01189871]]), array([[0.48497877, 0.02865867, 0.12979385, 0.02558312, 0.3452009 ,
        0.06470463]]), array([[0.05533116, 0.01569484, 0.01956614, 0.02712177, 0.03853056,
        0.01524149]]), array([[0.07785178, 0.01258766, 0.0478523 , 0.01951638, 0.03396582,
        0.01548615]]), array([[0.55978096, 0.06005118, 0.4793413 , 0.03056103, 0.15816028,
        0.02732885]]), array([[0.28572908, 0.01878867, 0.06877266, 0.0189858 , 0.08904727,
        0.00926067]]), array([[0.03444424, 0.02627802, 0.01301278, 0.04826587, 0.02773574,
        0.03467504]]), array([[0.11478175, 0.01332567, 0.04503952, 0.01583808, 0.05554587,
        0.01290161]]), array([[0.07454431, 0.02375852, 0.03645258, 0.03327927, 0.03812853,
        0.03077207]]), array([[0.02715601, 0.02996382, 0.02272886, 0.02193713, 0.03212529,
        0.0276865 ]]), array([[0.03626447, 0.01507422, 0.02432047, 0.01718789, 0.03275492,
        0.01811091]]), array([[0.2940251 , 0.01381218, 0.0990709 , 0.01182975, 0.07448187,
        0.01629669]]), array([[0.18800516, 0.02527612, 0.03741438, 0.01970714, 0.09071397,
        0.02760691]]), array([[0.6019222 , 0.07676918, 0.1217498 , 0.04525946, 0.47380835,
        0.13012819]]), array([[0.42272827, 0.02776505, 0.09367914, 0.02404738, 0.27397296,
        0.0425879 ]]), array([[0.1060918 , 0.01455612, 0.04604553, 0.01227179, 0.04226806,
        0.01555739]]), array([[0.25960344, 0.03600007, 0.04236215, 0.02865504, 0.16516168,
        0.07332803]]), array([[0.23252156, 0.01543562, 0.07725986, 0.01140777, 0.0548196 ,
        0.01548628]]), array([[0.5832823 , 0.07538252, 0.04187084, 0.15304893, 0.08695315,
        0.18952957]]), array([[0.06087893, 0.01743879, 0.03723789, 0.0144819 , 0.02878631,
        0.02229402]]), array([[0.02891788, 0.02077878, 0.01857876, 0.01915032, 0.03630751,
        0.02061352]]), array([[0.07713386, 0.01244179, 0.0200891 , 0.01108609, 0.03739853,
        0.02462592]]), array([[0.0619325 , 0.02579456, 0.03152247, 0.05547304, 0.04162188,
        0.02567849]]), array([[0.073713  , 0.0165225 , 0.04582177, 0.01117129, 0.03161391,
        0.01145358]]), array([[0.05093025, 0.01801307, 0.0184035 , 0.01766203, 0.032864  ,
        0.01971536]]), array([[0.09772463, 0.01683057, 0.07300439, 0.00886294, 0.02769183,
        0.01246684]]), array([[0.05163268, 0.01173782, 0.028408  , 0.01986217, 0.03966096,
        0.013455  ]]), array([[0.05067623, 0.01290404, 0.04143137, 0.01289455, 0.03253624,
        0.01300228]]), array([[0.20334461, 0.01720954, 0.08886868, 0.01979381, 0.1063179 ,
        0.01554257]]), array([[0.20341246, 0.02407785, 0.0689172 , 0.0217872 , 0.07689571,
        0.03130278]]), array([[0.06825775, 0.01759143, 0.03193011, 0.03009416, 0.02940175,
        0.01610831]]), array([[0.02291758, 0.020606  , 0.03244531, 0.01972775, 0.02538654,
        0.01857445]]), array([[0.18832241, 0.01423159, 0.05113064, 0.01473492, 0.10658763,
        0.02438273]]), array([[0.03342042, 0.01680644, 0.03226504, 0.01389525, 0.02239869,
        0.01691726]]), array([[0.09531359, 0.01245651, 0.06546884, 0.01466669, 0.05166809,
        0.01420636]]), array([[0.7752515 , 0.04271995, 0.08874723, 0.06350049, 0.28078112,
        0.06311878]]), array([[0.42791462, 0.04424169, 0.36683974, 0.05452522, 0.19022882,
        0.03301546]]), array([[0.0309113 , 0.03081243, 0.02437535, 0.01894323, 0.03913987,
        0.02645669]]), array([[0.02953734, 0.01581789, 0.02627464, 0.02230168, 0.03083341,
        0.01620096]]), array([[0.02436849, 0.02272077, 0.01796348, 0.03196062, 0.0276687 ,
        0.01519897]]), array([[0.051656  , 0.0205776 , 0.04853983, 0.01880248, 0.02106372,
        0.02138258]]), array([[0.03551522, 0.0171839 , 0.01977731, 0.02051678, 0.03099519,
        0.01737256]]), array([[0.2053621 , 0.02861772, 0.03890654, 0.05211372, 0.05908013,
        0.02492044]]), array([[0.04575568, 0.01804925, 0.03652198, 0.01564384, 0.02308661,
        0.01457516]]), array([[0.04600625, 0.01287102, 0.02188968, 0.01272945, 0.03327286,
        0.02877702]]), array([[0.15418354, 0.05087484, 0.04196441, 0.06221889, 0.06512529,
        0.03029521]]), array([[0.06791485, 0.01594046, 0.04558254, 0.01499195, 0.04003369,
        0.01931479]]), array([[0.61505044, 0.08989914, 0.26749778, 0.0285118 , 0.41960815,
        0.06027177]]), array([[0.05878223, 0.01748897, 0.04233805, 0.01352956, 0.04150263,
        0.01853405]]), array([[0.03504173, 0.01426591, 0.03283317, 0.01307193, 0.03114476,
        0.01513475]]), array([[0.09434443, 0.02077409, 0.03774571, 0.04879669, 0.05237552,
        0.02612714]]), array([[0.35397637, 0.03323358, 0.08475518, 0.03138291, 0.0685368 ,
        0.05237806]]), array([[0.08644915, 0.01835927, 0.03976531, 0.01368625, 0.03728755,
        0.01852832]]), array([[0.03507144, 0.01484874, 0.03243096, 0.02083018, 0.02859992,
        0.01717672]]), array([[0.25228375, 0.05737395, 0.05308491, 0.04079743, 0.19694507,
        0.07428002]]), array([[0.650601  , 0.06043416, 0.4483032 , 0.03313231, 0.15768737,
        0.04092386]]), array([[0.06072424, 0.02621768, 0.02096497, 0.0213614 , 0.03994648,
        0.02199006]]), array([[0.18950205, 0.02720823, 0.09598069, 0.02747533, 0.10369583,
        0.03948852]]), array([[0.26866737, 0.02407523, 0.04804115, 0.0318274 , 0.17767203,
        0.04334722]]), array([[0.05865442, 0.01513174, 0.01818   , 0.01228414, 0.05168272,
        0.01711823]]), array([[0.69269735, 0.07544518, 0.23147297, 0.04616452, 0.58608824,
        0.11333946]]), array([[0.06041842, 0.01624759, 0.02792396, 0.01366939, 0.05750115,
        0.01993475]]), array([[0.15720022, 0.01742748, 0.05808099, 0.01238783, 0.09613173,
        0.02182093]]), array([[0.06307351, 0.02052444, 0.03431617, 0.02807815, 0.02702734,
        0.02239219]]), array([[0.15904577, 0.02591752, 0.20476396, 0.01582734, 0.05412302,
        0.01626829]]), array([[0.03470954, 0.01677788, 0.03809365, 0.01554173, 0.0244087 ,
        0.01164677]]), array([[0.03976481, 0.01756307, 0.02584639, 0.01518151, 0.02585812,
        0.01453762]]), array([[0.1160684 , 0.01508779, 0.05854562, 0.01414931, 0.04233783,
        0.01770832]]), array([[0.63488996, 0.09528956, 0.20728065, 0.05033959, 0.42556778,
        0.05731113]]), array([[0.02459236, 0.02087307, 0.02454881, 0.01607629, 0.01740923,
        0.01488575]]), array([[0.1266979 , 0.01434091, 0.04902297, 0.01711278, 0.03497557,
        0.02123177]]), array([[0.2825024 , 0.02931751, 0.08390479, 0.02541701, 0.3562182 ,
        0.03693419]]), array([[0.08242804, 0.01327772, 0.01762419, 0.01962689, 0.02872847,
        0.02047132]])]
        